{
  "advancedEditorSelectedIdentifier" : "ProjectBrowser",
  "openSceneRelativePaths" : [
    "Scene.usda",
    "ImmersiveScene.usda",
    "Scene1.usda",
    "Scene2.usda"
  ],
  "recentIdentifiers" : {
    "5F24CCA8-285F-47DD-AAF9-AC4A26581723" : [

    ],
    "A17E263A-83B5-4400-9382-3781A5B3D819" : [

    ]
  },
  "sceneCameraHistory" : {
    "5F24CCA8-285F-47DD-AAF9-AC4A26581723" : [
      {
        "date" : 739431568.044532,
        "title" : "Untitled",
        "transform" : [
          0.98916984,
          9.165207e-09,
          0.14677532,
          0,
          0.068331756,
          0.8850198,
          -0.46051148,
          0,
          -0.12989907,
          0.4655535,
          0.8754349,
          0,
          -1.4848862,
          3.8589427,
          4.7944975,
          1
        ]
      },
      {
        "date" : 739431019.824611,
        "title" : "Untitled",
        "transform" : [
          0.98916984,
          9.165207e-09,
          0.14677532,
          0,
          0.068331756,
          0.8850198,
          -0.46051148,
          0,
          -0.12989907,
          0.4655535,
          0.8754349,
          0,
          -0.64288825,
          2.6596758,
          -1.3098376,
          1
        ]
      },
      {
        "date" : 739429393.330024,
        "title" : "Untitled",
        "transform" : [
          0.98916984,
          9.165207e-09,
          0.14677532,
          0,
          0.068331756,
          0.8850198,
          -0.46051148,
          0,
          -0.12989907,
          0.4655535,
          0.8754349,
          0,
          -0.6330326,
          2.6422954,
          -1.3477004,
          1
        ]
      },
      {
        "date" : 739429389.35176,
        "title" : "Untitled",
        "transform" : [
          0.98916984,
          9.165207e-09,
          0.14677532,
          0,
          0.068331756,
          0.8850198,
          -0.46051148,
          0,
          -0.12989907,
          0.4655535,
          0.8754349,
          0,
          0.36696774,
          2.6422956,
          -1.3477006,
          1
        ]
      },
      {
        "date" : 739429387.530265,
        "title" : "Untitled",
        "transform" : [
          0.98916984,
          5.439917e-09,
          0.14677532,
          0,
          0.06833176,
          0.8850198,
          -0.46051148,
          0,
          -0.12989907,
          0.4655535,
          0.8754349,
          0,
          -0.6330325,
          2.6422951,
          -1.3477005,
          1
        ]
      },
      {
        "date" : 739429332.382331,
        "title" : "Untitled",
        "transform" : [
          0.98916984,
          1.2368533e-09,
          0.14677532,
          0,
          0.06833176,
          0.88501966,
          -0.46051145,
          0,
          -0.1298991,
          0.46555346,
          0.8754348,
          0,
          0.3453468,
          2.7271855,
          -1.3004348,
          1
        ]
      },
      {
        "date" : 739429327.516232,
        "title" : "Untitled",
        "transform" : [
          0.98486394,
          7.9856255e-10,
          0.1733299,
          0,
          0.08870356,
          0.8591275,
          -0.5040153,
          0,
          -0.14891252,
          0.5117614,
          0.8461237,
          0,
          0.33343282,
          2.7640076,
          -1.3437564,
          1
        ]
      },
      {
        "date" : 739429322.333002,
        "title" : "Untitled",
        "transform" : [
          0.9978935,
          -4.071038e-10,
          -0.0648715,
          0,
          -0.021897603,
          0.9413063,
          -0.33684248,
          0,
          0.06106395,
          0.33755347,
          0.9393236,
          0,
          0.5022964,
          2.6203868,
          -1.1893072,
          1
        ]
      },
      {
        "date" : 739429319.515352,
        "title" : "Untitled",
        "transform" : [
          0.99999994,
          0,
          0,
          0,
          0,
          0.8660254,
          -0.49999994,
          0,
          0,
          0.49999994,
          0.8660254,
          0,
          0.4497007,
          2.7547307,
          -1.3144641,
          1
        ]
      },
      {
        "date" : 739423715.250951,
        "title" : "Untitled",
        "transform" : [
          0.99999994,
          0,
          -0,
          0,
          -0,
          0.8660254,
          -0.49999994,
          0,
          0,
          0.49999994,
          0.8660254,
          0,
          0.4906806,
          2.1398356,
          -1.8729846,
          1
        ]
      }
    ],
    "8B07BFBF-FDD1-4AE6-8EE8-8B32BEE1155E" : [
      {
        "date" : 739431767.391552,
        "title" : "Untitled",
        "transform" : [
          0.9994838,
          5.1675064e-10,
          0.03212581,
          0,
          0.0048981546,
          0.98830837,
          -0.15238915,
          0,
          -0.03175021,
          0.15246789,
          0.9877983,
          0,
          -0.07647973,
          0.8399619,
          2.291724,
          1
        ]
      },
      {
        "date" : 739431765.803083,
        "title" : "Untitled",
        "transform" : [
          0.9994838,
          5.1675064e-10,
          0.03212581,
          0,
          0.0048981546,
          0.98830837,
          -0.15238915,
          0,
          -0.031750206,
          0.15246788,
          0.98779815,
          0,
          -0.06835763,
          0.34283057,
          2.368718,
          1
        ]
      },
      {
        "date" : 739431296.523029,
        "title" : "Untitled",
        "transform" : [
          0.99999994,
          0,
          0,
          0,
          0,
          0.8660254,
          -0.49999988,
          0,
          0,
          0.49999988,
          0.8660254,
          0,
          0.0064250035,
          1.1624417,
          2.0875251,
          1
        ]
      },
      {
        "date" : 739431236.75759,
        "title" : "Untitled",
        "transform" : [
          0.99999994,
          0,
          0,
          0,
          0,
          0.8660254,
          -0.49999988,
          0,
          0,
          0.49999988,
          0.8660254,
          0,
          0.0064250035,
          0.57238954,
          1.0655249,
          1
        ]
      },
      {
        "date" : 739431230.150132,
        "title" : "Untitled",
        "transform" : [
          0.99999994,
          0,
          -0,
          0,
          -0,
          0.8660254,
          -0.49999988,
          0,
          0,
          0.49999988,
          0.8660254,
          0,
          0,
          0.20353882,
          0.35253966,
          1
        ]
      }
    ],
    "26DBAE76-5DD8-47B6-A085-1B4ADA111097" : [
      {
        "date" : 739422497.62833,
        "title" : "Untitled",
        "transform" : [
          1,
          0,
          -0,
          0,
          -0,
          0.8660253,
          -0.50000006,
          0,
          0,
          0.50000006,
          0.8660253,
          0,
          0,
          0.1928023,
          0.3341434,
          1
        ]
      }
    ],
    "A17E263A-83B5-4400-9382-3781A5B3D819" : [
      {
        "date" : 739431760.00382,
        "title" : "Untitled",
        "transform" : [
          0.99999994,
          0,
          0,
          0,
          0,
          0.8660254,
          -0.49999988,
          0,
          0,
          0.49999988,
          0.8660254,
          0,
          0.08935602,
          0.22258393,
          0.3415439,
          1
        ]
      },
      {
        "date" : 739431583.53265,
        "title" : "Untitled",
        "transform" : [
          0.99999994,
          0,
          -0,
          0,
          -0,
          0.8660254,
          -0.49999988,
          0,
          0,
          0.49999988,
          0.8660254,
          0,
          0,
          0.20353882,
          0.35253966,
          1
        ]
      }
    ],
    "FA8E3F81-53F7-4FDE-9BDA-291931A43C22" : [
      {
        "date" : 739422908.064173,
        "title" : "Untitled",
        "transform" : [
          0.99999994,
          0,
          -0,
          0,
          -0,
          0.8660254,
          -0.49999994,
          0,
          0,
          0.49999994,
          0.8660254,
          0,
          0,
          0.1924656,
          0.33336022,
          1
        ]
      }
    ]
  },
  "selectedSceneRelativePath" : "Scene1.usda"
}